function [] = init()
%定义题目中的基本常数
%
global p ld a01 a02 a03 a04 a05 a06 a07 a08 a09 a10 ps scoutDis color plane target route;

% scoutDis = sqrt(7.5*7.5-1.5*1.5);
scoutDis = 1;

plane = 8;
color = [
    0 0 0 
    0 0 1
    0 1 0
    0 1 1
    1 0 0
    1 0 1
    1 1 0
    0.2 0.5 0.8];
p = [
    368	319
    264	44
    392	220
    360	110
    392	275
    296	242
    256	121
    ];

ld = [
    264,715;
    225,605;
    168,538;
    210,455;
    120,400;
    96,304;
    10,451;
    162,660;
    110,561;
    105,473;
    ];
a01 = [
    264	715
    258	719
    274	728
    264	728
    254	728
    257	733
    260	731
    262	733
    268	733
    270	739
    ];
a02 = [
    225	605
    223	598
    210	605
    220	610
    223	615
    209	615
    230	620
    220	622
    205	618
    ];
a03 = [
    168	538
    168	542
    164	544
    168	545
    174	544
    ];
a04 = [
    210	455
    180	455
    175	452
    170	453
    185	460
    178	460
    190	470
    183	473
    175	472
    180	476
    ];

a05=[
    120	400
    119	388
    112	394
    125	410
    114	405
    116	410
    113	416
    ];

a06= [
    96	304
    88	305
    100	312
    93	311
    86	310
    94	315
    ];

a07 = [
    10	451
    11	449
    13	450
    16	450
    12	453
    15	455
    ];

a08 = [
    162	660
    161	659
    159	659
    160	657
    164	658
    ];

a09=[
    110	561
    110	563
    110	565
    109	567
    112	568
    ];

a10 = [
    105	473
    106	471
    103	473
    107	475
    104	477
    ];

ps = [
    2 1 13
    0 1 15
    2 1 13
    0 1 15
    2 1 13
    0 1 15
    2 1 13
    ];
target = [a01;a02;a03;a04;a05;a06;a07;a08;a09;a10];
% route = target;
route = [
  261.2841 727.0295
  264.5518 722.3277
  269.3484 733.0393
  209.6889 612.3419
  224.2426 616
  225.3501 604.9625
  169      538.6148
  185.3484 460.0393
  173.8516 459.2582
  182.6991 469.1652
  181.6320 468.8350
  202.6515 455
  119.2243 395.3450
  120.9851 407.2821
  117.6584 410.3167
  93.2828  309.0201
  16.9962  453.2481
  162.7694 652.6919
  112.7694 560.6919
  108.4516 477.9274
];


end

